ContextDependency 3 1 ToPdf TE 1 38 ( NULL SE -1 [ 0 ]
{ CE 0 SE -1 [ 0 1 2 3 ]
{ SE -1 [ 0 1 ]
{ CE 37 SE -1 [ 0 1 2 ]
{ CE 39 CE 40 } 
} 
CE 38 } 
} 
CE 1 SE -1 [ 0 1 ]
{ SE 0 [ 2 3 5 6 7 9 11 12 13 15 17 18 19 20 21 22 23 24 25 26 27 28 29 31 34 35 36 ]
{ SE 2 [ 2 3 4 5 6 7 8 9 10 11 12 13 14 15 16 17 18 19 20 21 22 23 24 25 26 27 28 29 30 31 32 33 34 35 36 37 ]
{ SE 2 [ 2 3 5 6 7 9 11 12 13 15 17 18 19 20 21 22 23 24 25 26 27 28 29 31 34 35 36 ]
{ SE 0 [ 22 24 25 26 27 34 ]
{ SE 2 [ 36 ]
{ CE 775 CE 789 } 
SE 2 [ 31 ]
{ CE 485 SE 2 [ 29 ]
{ CE 775 SE 2 [ 36 ]
{ CE 775 SE 0 [ 2 31 36 ]
{ CE 777 CE 826 } 
} 
} 
} 
} 
SE 2 [ 8 ]
{ CE 282 SE 2 [ 4 8 10 14 32 ]
{ CE 826 CE 822 } 
} 
} 
SE 0 [ 22 25 26 ]
{ CE 191 CE 726 } 
} 
SE 2 [ 2 3 4 5 6 7 8 9 10 11 12 13 14 15 16 17 18 19 20 21 22 23 24 25 26 27 28 29 30 31 32 33 34 35 36 37 ]
{ CE 123 CE 491 } 
} 
SE 2 [ 2 3 4 5 6 7 8 9 10 11 12 13 14 15 16 17 18 19 20 21 22 23 24 25 26 27 28 29 30 31 32 33 34 35 36 37 ]
{ SE 2 [ 2 3 5 6 7 9 11 12 13 15 17 18 19 20 21 22 23 24 25 26 27 28 29 31 34 35 36 ]
{ SE 2 [ 2 7 23 28 31 36 ]
{ SE 2 [ 36 ]
{ CE 2 CE 385 } 
SE 2 [ 3 5 15 19 20 21 22 24 25 26 27 34 ]
{ SE 2 [ 22 25 ]
{ CE 225 CE 697 } 
SE 2 [ 13 17 ]
{ CE 697 CE 620 } 
} 
} 
SE 2 [ 32 ]
{ CE 385 SE 2 [ 4 8 ]
{ CE 287 CE 509 } 
} 
} 
CE 102 } 
} 
SE -1 [ 0 ]
{ CE 3 SE -1 [ 0 1 ]
{ SE 2 [ 3 5 6 9 11 15 19 20 21 22 24 25 26 27 34 ]
{ CE 227 CE 850 } 
SE 2 [ 3 5 6 9 11 15 19 20 21 22 24 25 26 27 34 ]
{ SE 2 [ 3 5 15 19 20 21 22 24 25 26 27 34 ]
{ CE 463 CE 848 } 
CE 544 } 
} 
} 
SE -1 [ 0 1 ]
{ SE 0 [ 3 5 6 9 11 15 19 20 21 22 24 25 26 27 34 ]
{ SE 2 [ 2 3 4 5 6 7 8 9 10 11 12 13 14 15 16 17 18 19 20 21 22 23 24 25 26 27 28 29 30 31 32 33 34 35 36 37 ]
{ SE 0 [ 15 19 20 ]
{ SE 2 [ 2 3 5 6 7 9 11 12 13 15 17 18 19 20 21 22 23 24 25 26 27 28 29 31 34 35 36 ]
{ SE 2 [ 3 5 15 19 20 21 22 24 25 26 27 34 ]
{ SE 2 [ 25 ]
{ CE 387 SE 2 [ 22 25 26 ]
{ CE 788 CE 690 } 
} 
SE 2 [ 18 29 ]
{ CE 387 SE -1 [ 0 ]
{ CE 456 CE 550 } 
} 
} 
SE 2 [ 32 ]
{ CE 301 SE -1 [ 0 ]
{ CE 534 CE 625 } 
} 
} 
SE -1 [ 0 ]
{ SE 0 [ 22 24 25 26 ]
{ SE 2 [ 2 3 5 6 7 9 11 12 13 15 17 18 19 20 21 22 23 24 25 26 27 28 29 31 34 35 36 ]
{ CE 165 CE 717 } 
CE 369 } 
SE 2 [ 2 3 5 6 7 9 11 12 13 15 17 18 19 20 21 22 23 24 25 26 27 28 29 31 34 35 36 ]
{ SE 2 [ 18 29 ]
{ CE 735 SE 2 [ 2 7 23 28 31 36 ]
{ CE 626 CE 788 } 
} 
CE 625 } 
} 
} 
SE 0 [ 34 ]
{ CE 369 SE -1 [ 0 ]
{ SE 0 [ 22 24 25 26 27 34 ]
{ CE 411 CE 678 } 
CE 669 } 
} 
} 
SE 2 [ 2 3 4 5 6 7 8 9 10 11 12 13 14 15 16 17 18 19 20 21 22 23 24 25 26 27 28 29 30 31 32 33 34 35 36 37 ]
{ SE 2 [ 18 29 ]
{ SE 0 [ 12 13 17 18 29 35 ]
{ CE 94 SE -1 [ 0 ]
{ SE 0 [ 4 8 10 14 16 30 32 33 37 ]
{ SE 0 [ 30 ]
{ CE 368 CE 687 } 
CE 586 } 
CE 585 } 
} 
SE 0 [ 4 8 10 14 16 30 32 33 37 ]
{ SE -1 [ 0 ]
{ SE 2 [ 16 30 33 37 ]
{ CE 130 SE 2 [ 2 7 12 13 17 18 23 28 29 31 35 36 ]
{ CE 472 SE 0 [ 16 30 33 ]
{ CE 490 SE 0 [ 4 8 32 ]
{ CE 558 CE 756 } 
} 
} 
} 
SE 2 [ 2 3 5 6 7 9 11 12 13 15 17 18 19 20 21 22 23 24 25 26 27 28 29 31 34 35 36 ]
{ SE 2 [ 3 5 15 19 20 21 22 24 25 26 27 34 ]
{ CE 278 CE 527 } 
CE 641 } 
} 
SE -1 [ 0 ]
{ SE 0 [ 2 7 23 28 31 36 ]
{ CE 194 CE 717 } 
SE 2 [ 2 3 5 6 7 9 11 12 13 15 17 18 19 20 21 22 23 24 25 26 27 28 29 31 34 35 36 ]
{ CE 626 CE 641 } 
} 
} 
} 
SE -1 [ 0 ]
{ SE 0 [ 12 ]
{ CE 94 CE 682 } 
CE 669 } 
} 
} 
SE 2 [ 2 3 4 5 6 7 8 9 10 11 12 13 14 15 16 17 18 19 20 21 22 23 24 25 26 27 28 29 30 31 32 33 34 35 36 37 ]
{ SE 2 [ 2 3 5 6 7 9 11 12 13 15 17 18 19 20 21 22 23 24 25 26 27 28 29 31 34 35 36 ]
{ SE 2 [ 2 7 23 28 31 36 ]
{ SE 2 [ 2 23 31 36 ]
{ SE 2 [ 2 31 ]
{ CE 195 CE 645 } 
CE 399 } 
SE 2 [ 18 29 ]
{ SE 0 [ 30 ]
{ CE 61 CE 735 } 
SE 2 [ 35 ]
{ CE 89 SE 2 [ 22 25 26 ]
{ SE 0 [ 33 ]
{ CE 205 SE 2 [ 25 ]
{ CE 448 CE 496 } 
} 
SE 2 [ 2 7 12 13 17 18 23 28 29 31 35 36 ]
{ CE 792 SE 2 [ 15 19 20 ]
{ CE 686 SE 2 [ 22 24 25 26 ]
{ CE 686 CE 792 } 
} 
} 
} 
} 
} 
} 
SE 2 [ 4 8 10 14 32 ]
{ SE 2 [ 4 8 ]
{ CE 47 CE 233 } 
SE 2 [ 33 ]
{ CE 195 SE 2 [ 16 30 ]
{ CE 372 CE 559 } 
} 
} 
} 
CE 4 } 
} 
SE -1 [ 0 1 ]
{ SE -1 [ 0 ]
{ SE 0 [ 2 7 12 13 17 18 23 28 29 31 35 36 ]
{ SE 0 [ 2 23 31 36 ]
{ SE 2 [ 2 3 4 5 6 7 8 9 10 11 12 13 14 15 16 17 18 19 20 21 22 23 24 25 26 27 28 29 30 31 32 33 34 35 36 37 ]
{ SE 0 [ 2 31 ]
{ CE 5 SE 2 [ 13 17 18 29 ]
{ CE 413 CE 769 } 
} 
CE 378 } 
SE 0 [ 13 ]
{ CE 229 SE 0 [ 2 7 23 28 31 36 ]
{ SE 2 [ 18 29 ]
{ CE 413 CE 631 } 
SE 2 [ 2 3 4 5 6 7 8 9 10 11 12 13 14 15 16 17 18 19 20 21 22 23 24 25 26 27 28 29 30 31 32 33 34 35 36 37 ]
{ SE 0 [ 18 ]
{ CE 533 SE 2 [ 2 7 12 13 17 18 23 28 29 31 35 36 ]
{ SE 2 [ 2 31 ]
{ CE 608 SE 2 [ 13 ]
{ CE 608 CE 590 } 
} 
SE 2 [ 33 ]
{ CE 381 SE 0 [ 12 13 17 18 29 ]
{ CE 500 CE 608 } 
} 
} 
} 
CE 347 } 
} 
} 
} 
SE 0 [ 4 8 10 14 16 30 32 33 37 ]
{ SE 2 [ 2 3 4 5 6 7 8 9 10 11 12 13 14 15 16 17 18 19 20 21 22 23 24 25 26 27 28 29 30 31 32 33 34 35 36 37 ]
{ SE 0 [ 4 8 10 14 32 ]
{ CE 154 CE 694 } 
CE 378 } 
SE 0 [ 22 24 25 26 27 34 ]
{ SE 0 [ 26 ]
{ CE 182 CE 533 } 
CE 356 } 
} 
} 
SE 2 [ 4 8 10 14 16 30 32 33 37 ]
{ SE 2 [ 4 8 10 14 32 ]
{ SE 2 [ 8 ]
{ CE 105 CE 701 } 
SE 2 [ 33 ]
{ CE 760 SE 0 [ 2 3 5 6 7 9 11 12 13 15 17 18 19 20 21 22 23 24 25 26 27 28 29 31 34 35 36 ]
{ CE 528 CE 577 } 
} 
} 
SE 2 [ 3 5 6 9 11 15 19 20 21 22 24 25 26 27 34 ]
{ SE 2 [ 25 ]
{ CE 197 SE 0 [ 35 ]
{ CE 293 CE 546 } 
} 
SE 2 [ 31 ]
{ SE 0 [ 35 ]
{ CE 203 CE 760 } 
SE 2 [ 2 7 23 28 31 36 ]
{ SE 0 [ 4 8 10 14 16 30 32 33 37 ]
{ CE 235 CE 705 } 
SE 2 [ 13 ]
{ CE 701 SE 2 [ 12 ]
{ CE 297 SE 2 [ 35 ]
{ CE 552 CE 637 } 
} 
} 
} 
} 
} 
} 
} 
SE 2 [ 3 5 6 9 11 15 19 20 21 22 24 25 26 27 34 ]
{ SE 2 [ 25 ]
{ CE 43 SE 2 [ 22 24 25 26 ]
{ SE 2 [ 26 ]
{ CE 169 CE 638 } 
CE 248 } 
} 
SE 2 [ 4 8 10 14 16 30 32 33 37 ]
{ SE 2 [ 30 ]
{ CE 75 SE 2 [ 4 8 ]
{ SE 0 [ 12 13 17 18 29 35 ]
{ CE 280 CE 473 } 
SE 2 [ 37 ]
{ CE 345 SE 2 [ 10 14 ]
{ CE 638 SE 0 [ 29 ]
{ CE 467 CE 748 } 
} 
} 
} 
} 
SE 2 [ 12 13 17 18 29 35 ]
{ SE 2 [ 13 ]
{ CE 76 SE 2 [ 12 ]
{ CE 288 SE 2 [ 18 29 ]
{ CE 421 CE 761 } 
} 
} 
SE 2 [ 2 31 ]
{ CE 150 SE 2 [ 2 3 4 5 6 7 8 9 10 11 12 13 14 15 16 17 18 19 20 21 22 23 24 25 26 27 28 29 30 31 32 33 34 35 36 37 ]
{ CE 213 CE 344 } 
} 
} 
} 
} 
} 
SE -1 [ 0 ]
{ SE 0 [ 2 3 4 5 6 7 8 9 10 11 12 13 14 15 16 17 18 19 20 21 22 23 24 25 26 27 28 29 30 31 32 33 34 35 36 37 ]
{ SE 0 [ 6 9 11 ]
{ CE 791 SE 0 [ 3 5 21 ]
{ CE 791 CE 807 } 
} 
SE 0 [ 1 ]
{ CE 97 CE 648 } 
} 
SE 2 [ 11 ]
{ SE -1 [ 0 1 ]
{ SE 0 [ 2 3 4 5 6 7 8 9 10 11 12 13 14 15 16 17 18 19 20 21 22 23 24 25 26 27 28 29 30 31 32 33 34 35 36 37 ]
{ CE 6 CE 267 } 
CE 266 } 
SE 2 [ 3 5 15 19 20 21 ]
{ CE 259 CE 630 } 
} 
} 
SE -1 [ 0 ]
{ SE 0 [ 3 5 6 9 11 15 19 20 21 22 24 25 26 27 34 ]
{ SE 0 [ 3 5 15 19 20 21 ]
{ SE 0 [ 3 5 ]
{ CE 7 CE 274 } 
SE 0 [ 11 ]
{ CE 181 SE 2 [ 27 34 ]
{ CE 443 CE 607 } 
} 
} 
SE 0 [ 2 3 4 5 6 7 8 9 10 11 12 13 14 15 16 17 18 19 20 21 22 23 24 25 26 27 28 29 30 31 32 33 34 35 36 37 ]
{ SE 0 [ 2 7 23 28 31 36 ]
{ SE 2 [ 15 19 20 ]
{ CE 84 CE 622 } 
CE 607 } 
CE 119 } 
} 
SE 2 [ 3 5 15 19 20 21 ]
{ SE -1 [ 0 1 ]
{ SE 2 [ 5 ]
{ SE 0 [ 3 5 6 9 11 15 19 20 21 22 24 25 26 27 34 ]
{ CE 54 CE 425 } 
SE 0 [ 3 5 6 9 11 15 19 20 21 22 24 25 26 27 34 ]
{ CE 731 CE 731 } 
} 
SE 2 [ 5 ]
{ SE 0 [ 3 5 6 9 11 15 19 20 21 22 24 25 26 27 34 ]
{ CE 98 CE 698 } 
CE 220 } 
} 
SE -1 [ 0 1 ]
{ SE 2 [ 3 5 6 9 11 15 19 20 21 22 24 25 26 27 34 ]
{ SE 2 [ 27 34 ]
{ CE 73 SE 2 [ 3 5 15 19 20 21 22 24 25 26 27 34 ]
{ CE 424 CE 568 } 
} 
SE 2 [ 4 8 10 14 16 30 32 33 37 ]
{ SE 2 [ 4 8 10 14 32 ]
{ CE 189 CE 531 } 
SE 2 [ 31 ]
{ CE 222 SE 2 [ 12 13 17 18 29 35 ]
{ CE 424 SE 2 [ 2 3 4 5 6 7 8 9 10 11 12 13 14 15 16 17 18 19 20 21 22 23 24 25 26 27 28 29 30 31 32 33 34 35 36 37 ]
{ CE 462 CE 579 } 
} 
} 
} 
} 
SE 2 [ 3 5 6 9 11 15 19 20 21 22 24 25 26 27 34 ]
{ SE 2 [ 3 5 15 19 20 21 22 24 25 26 27 34 ]
{ SE 2 [ 22 24 25 26 ]
{ CE 326 CE 505 } 
CE 262 } 
SE 2 [ 4 8 10 14 16 30 32 33 37 ]
{ CE 531 SE 2 [ 2 3 4 5 6 7 8 9 10 11 12 13 14 15 16 17 18 19 20 21 22 23 24 25 26 27 28 29 30 31 32 33 34 35 36 37 ]
{ SE 2 [ 35 ]
{ CE 326 SE 2 [ 31 ]
{ CE 561 CE 611 } 
} 
CE 328 } 
} 
} 
} 
} 
} 
SE -1 [ 0 ]
{ SE 2 [ 18 29 ]
{ CE 8 SE 0 [ 2 7 23 28 31 36 ]
{ CE 395 SE 0 [ 2 7 12 13 17 18 23 28 29 31 35 36 ]
{ CE 538 CE 750 } 
} 
} 
SE -1 [ 0 1 ]
{ SE 2 [ 3 5 6 9 11 15 19 20 21 22 24 25 26 27 34 ]
{ SE 2 [ 22 25 26 ]
{ CE 785 CE 635 } 
SE 2 [ 10 ]
{ CE 635 CE 785 } 
} 
SE 2 [ 3 5 15 19 20 21 ]
{ SE 0 [ 29 ]
{ CE 128 CE 547 } 
SE 2 [ 3 5 6 9 11 15 19 20 21 22 24 25 26 27 34 ]
{ CE 238 SE 2 [ 10 ]
{ CE 818 SE 2 [ 4 8 ]
{ CE 818 SE 2 [ 16 30 ]
{ CE 818 CE 830 } 
} 
} 
} 
} 
} 
} 
SE -1 [ 0 ]
{ SE 0 [ 3 5 15 19 20 21 ]
{ CE 9 SE 0 [ 2 3 5 6 7 9 11 12 13 15 17 18 19 20 21 22 23 24 25 26 27 28 29 31 34 35 36 ]
{ SE 0 [ 3 5 15 19 20 21 22 24 25 26 27 34 ]
{ CE 314 CE 644 } 
CE 388 } 
} 
SE -1 [ 0 1 ]
{ SE 2 [ 15 19 20 ]
{ CE 135 SE 2 [ 6 9 11 ]
{ CE 835 SE 2 [ 3 5 15 19 20 21 ]
{ CE 835 CE 837 } 
} 
} 
SE 2 [ 6 9 11 ]
{ SE 2 [ 6 9 ]
{ CE 383 CE 811 } 
SE 2 [ 3 5 15 19 20 21 ]
{ SE 2 [ 3 5 ]
{ CE 192 CE 402 } 
SE 2 [ 27 34 ]
{ CE 383 SE 2 [ 26 ]
{ CE 488 CE 734 } 
} 
} 
} 
} 
} 
SE -1 [ 0 1 ]
{ SE -1 [ 0 ]
{ SE 0 [ 3 5 6 9 11 15 19 20 21 22 24 25 26 27 34 ]
{ SE 0 [ 22 24 25 26 27 34 ]
{ SE 0 [ 22 24 25 26 ]
{ SE 2 [ 2 3 4 5 6 7 8 9 10 11 12 13 14 15 16 17 18 19 20 21 22 23 24 25 26 27 28 29 30 31 32 33 34 35 36 37 ]
{ SE 0 [ 22 25 ]
{ CE 10 SE 0 [ 22 25 26 ]
{ CE 312 CE 706 } 
} 
CE 623 } 
SE 0 [ 27 ]
{ CE 337 CE 332 } 
} 
SE 0 [ 15 19 20 ]
{ SE 2 [ 2 3 4 5 6 7 8 9 10 11 12 13 14 15 16 17 18 19 20 21 22 23 24 25 26 27 28 29 30 31 32 33 34 35 36 37 ]
{ CE 170 CE 628 } 
CE 332 } 
} 
SE 2 [ 2 3 4 5 6 7 8 9 10 11 12 13 14 15 16 17 18 19 20 21 22 23 24 25 26 27 28 29 30 31 32 33 34 35 36 37 ]
{ SE 0 [ 12 13 17 18 29 35 ]
{ SE 0 [ 13 17 18 29 ]
{ SE 0 [ 13 17 ]
{ CE 706 SE 2 [ 3 5 15 19 20 21 ]
{ CE 330 CE 545 } 
} 
SE 2 [ 18 29 ]
{ CE 218 SE 2 [ 26 ]
{ CE 337 CE 649 } 
} 
} 
SE 0 [ 7 28 ]
{ SE 0 [ 7 ]
{ CE 132 CE 525 } 
SE 2 [ 23 ]
{ CE 173 SE 0 [ 4 8 10 14 16 30 32 33 37 ]
{ SE 0 [ 37 ]
{ CE 290 CE 639 } 
SE 2 [ 3 5 15 19 20 21 ]
{ CE 409 CE 517 } 
} 
} 
} 
} 
SE 0 [ 35 ]
{ CE 609 SE 0 [ 28 ]
{ CE 609 CE 623 } 
} 
} 
} 
SE 2 [ 2 3 4 5 6 7 8 9 10 11 12 13 14 15 16 17 18 19 20 21 22 23 24 25 26 27 28 29 30 31 32 33 34 35 36 37 ]
{ SE 2 [ 2 7 12 13 17 18 23 28 29 31 35 36 ]
{ SE 2 [ 2 7 23 28 31 36 ]
{ SE 2 [ 2 23 31 36 ]
{ SE 2 [ 36 ]
{ CE 52 SE 2 [ 2 31 ]
{ CE 329 CE 474 } 
} 
SE 2 [ 7 ]
{ CE 643 CE 598 } 
} 
SE 2 [ 13 17 ]
{ CE 679 SE 2 [ 13 17 18 29 ]
{ CE 185 CE 493 } 
} 
} 
SE 2 [ 2 3 5 6 7 9 11 12 13 15 17 18 19 20 21 22 23 24 25 26 27 28 29 31 34 35 36 ]
{ SE 2 [ 22 24 25 26 27 34 ]
{ SE 2 [ 25 ]
{ CE 69 SE 2 [ 22 24 25 26 ]
{ SE 2 [ 26 ]
{ SE 0 [ 35 ]
{ CE 596 SE 0 [ 27 ]
{ CE 596 CE 739 } 
} 
CE 379 } 
CE 493 } 
} 
SE 0 [ 18 29 ]
{ CE 131 CE 766 } 
} 
SE 2 [ 4 8 10 14 32 ]
{ SE 2 [ 4 8 ]
{ SE 0 [ 23 ]
{ CE 120 CE 339 } 
SE 2 [ 10 ]
{ CE 379 CE 679 } 
} 
SE 2 [ 33 ]
{ CE 329 SE 2 [ 16 30 ]
{ CE 460 CE 624 } 
} 
} 
} 
} 
SE 0 [ 28 ]
{ CE 530 SE 0 [ 33 ]
{ CE 530 CE 643 } 
} 
} 
} 
SE 2 [ 2 3 4 5 6 7 8 9 10 11 12 13 14 15 16 17 18 19 20 21 22 23 24 25 26 27 28 29 30 31 32 33 34 35 36 37 ]
{ SE 2 [ 3 5 6 9 11 15 19 20 21 22 24 25 26 27 34 ]
{ SE 2 [ 22 24 25 26 27 34 ]
{ SE 2 [ 22 24 25 26 ]
{ SE 2 [ 25 ]
{ CE 41 SE 2 [ 26 ]
{ CE 199 CE 338 } 
} 
CE 580 } 
SE 2 [ 3 5 15 19 20 21 ]
{ SE 2 [ 20 ]
{ CE 95 CE 765 } 
CE 401 } 
} 
SE 2 [ 2 3 5 6 7 9 11 12 13 15 17 18 19 20 21 22 23 24 25 26 27 28 29 31 34 35 36 ]
{ SE 2 [ 2 7 23 28 31 36 ]
{ SE 2 [ 2 23 31 36 ]
{ SE 2 [ 36 ]
{ CE 52 SE 2 [ 2 31 ]
{ CE 313 CE 459 } 
} 
CE 279 } 
SE 2 [ 13 17 ]
{ CE 115 SE 2 [ 13 17 18 29 ]
{ CE 174 SE 2 [ 12 ]
{ CE 414 CE 580 } 
} 
} 
} 
SE 2 [ 30 ]
{ CE 53 SE 2 [ 37 ]
{ CE 137 SE 2 [ 4 8 ]
{ CE 221 SE 2 [ 10 14 ]
{ CE 223 CE 482 } 
} 
} 
} 
} 
} 
SE 0 [ 28 ]
{ CE 428 SE 0 [ 33 ]
{ CE 428 CE 440 } 
} 
} 
} 
SE -1 [ 0 1 ]
{ SE -1 [ 0 ]
{ SE 0 [ 2 3 5 6 7 9 11 12 13 15 17 18 19 20 21 22 23 24 25 26 27 28 29 31 34 35 36 ]
{ SE 0 [ 3 5 15 19 20 21 ]
{ CE 11 SE 2 [ 3 5 15 19 20 21 ]
{ CE 246 SE 0 [ 11 ]
{ CE 480 CE 707 } 
} 
} 
SE 0 [ 2 3 4 5 6 7 8 9 10 11 12 13 14 15 16 17 18 19 20 21 22 23 24 25 26 27 28 29 30 31 32 33 34 35 36 37 ]
{ CE 158 CE 407 } 
} 
SE 2 [ 3 5 15 19 20 21 ]
{ SE 2 [ 3 5 ]
{ CE 187 CE 592 } 
SE 2 [ 22 24 25 26 ]
{ CE 187 SE 2 [ 6 9 11 ]
{ CE 599 CE 722 } 
} 
} 
} 
SE 2 [ 3 5 15 19 20 21 ]
{ SE 2 [ 3 5 ]
{ CE 336 CE 249 } 
SE 2 [ 11 ]
{ CE 93 SE 2 [ 22 24 25 26 ]
{ CE 336 SE 2 [ 3 5 6 9 11 15 19 20 21 22 24 25 26 27 34 ]
{ SE 2 [ 6 ]
{ CE 370 CE 676 } 
CE 516 } 
} 
} 
} 
} 
SE -1 [ 0 ]
{ SE 0 [ 2 3 5 6 7 9 11 12 13 15 17 18 19 20 21 22 23 24 25 26 27 28 29 31 34 35 36 ]
{ SE 0 [ 3 5 15 19 20 21 ]
{ CE 12 SE 0 [ 11 ]
{ CE 346 SE 0 [ 6 9 ]
{ CE 506 CE 691 } 
} 
} 
SE 0 [ 2 3 4 5 6 7 8 9 10 11 12 13 14 15 16 17 18 19 20 21 22 23 24 25 26 27 28 29 30 31 32 33 34 35 36 37 ]
{ CE 160 CE 498 } 
} 
SE 2 [ 6 9 11 ]
{ SE -1 [ 0 1 ]
{ SE 2 [ 6 9 ]
{ SE 0 [ 3 5 6 9 11 15 19 20 21 22 24 25 26 27 34 ]
{ CE 99 CE 713 } 
SE 0 [ 3 5 6 9 11 15 19 20 21 22 24 25 26 27 34 ]
{ CE 398 CE 610 } 
} 
SE 2 [ 6 9 ]
{ CE 159 CE 284 } 
} 
SE 2 [ 3 5 15 19 20 21 ]
{ SE -1 [ 0 1 ]
{ CE 542 SE 2 [ 3 5 ]
{ SE 0 [ 2 3 5 6 7 9 11 12 13 15 17 18 19 20 21 22 23 24 25 26 27 28 29 31 34 35 36 ]
{ CE 361 CE 718 } 
CE 718 } 
} 
SE 2 [ 22 24 25 26 ]
{ SE 2 [ 22 25 26 ]
{ CE 179 CE 542 } 
SE -1 [ 0 1 ]
{ SE 2 [ 3 5 6 9 11 15 19 20 21 22 24 25 26 27 34 ]
{ CE 289 CE 797 } 
SE 2 [ 3 5 6 9 11 15 19 20 21 22 24 25 26 27 34 ]
{ CE 438 CE 797 } 
} 
} 
} 
} 
} 
SE -1 [ 0 1 ]
{ SE -1 [ 0 ]
{ SE 0 [ 3 5 6 9 11 15 19 20 21 22 24 25 26 27 34 ]
{ SE 0 [ 3 5 15 19 20 21 ]
{ CE 13 SE 0 [ 3 5 15 19 20 21 22 24 25 26 27 34 ]
{ CE 441 CE 784 } 
} 
SE 0 [ 4 8 10 14 16 30 32 33 37 ]
{ CE 415 CE 759 } 
} 
SE 2 [ 15 19 20 ]
{ CE 794 SE 2 [ 21 ]
{ CE 794 CE 852 } 
} 
} 
SE 2 [ 3 5 15 19 20 21 ]
{ SE 2 [ 3 5 ]
{ CE 83 CE 308 } 
SE 2 [ 6 9 11 ]
{ CE 114 CE 449 } 
} 
} 
SE -1 [ 0 1 ]
{ SE 0 [ 3 5 6 9 11 15 19 20 21 22 24 25 26 27 34 ]
{ SE -1 [ 0 ]
{ CE 14 SE 2 [ 3 5 ]
{ CE 522 CE 703 } 
} 
SE -1 [ 0 ]
{ SE 0 [ 12 13 17 18 29 35 ]
{ CE 236 SE 0 [ 2 3 5 6 7 9 11 12 13 15 17 18 19 20 21 22 23 24 25 26 27 28 29 31 34 35 36 ]
{ CE 551 CE 684 } 
} 
SE 2 [ 3 5 ]
{ CE 522 CE 703 } 
} 
} 
SE 2 [ 4 8 10 14 16 30 32 33 37 ]
{ SE 2 [ 4 8 ]
{ CE 167 CE 666 } 
SE 2 [ 3 5 ]
{ CE 286 SE 2 [ 6 9 11 ]
{ SE 0 [ 18 ]
{ CE 416 CE 696 } 
SE 2 [ 22 24 25 26 27 34 ]
{ CE 447 CE 702 } 
} 
} 
} 
} 
SE -1 [ 0 ]
{ CE 15 SE -1 [ 0 1 ]
{ SE 2 [ 3 5 15 19 20 21 ]
{ CE 349 CE 844 } 
SE 2 [ 3 5 15 19 20 21 ]
{ CE 390 SE 2 [ 11 ]
{ CE 770 CE 851 } 
} 
} 
} 
SE 2 [ 3 5 15 19 20 21 ]
{ CE 16 CE 793 } 
SE 0 [ 2 3 5 6 7 9 11 12 13 15 17 18 19 20 21 22 23 24 25 26 27 28 29 31 34 35 36 ]
{ SE 2 [ 3 5 15 19 20 21 ]
{ SE 2 [ 19 ]
{ SE 0 [ 3 5 15 19 20 21 ]
{ CE 17 CE 743 } 
CE 540 } 
SE 2 [ 11 ]
{ CE 96 SE -1 [ 0 1 ]
{ SE 0 [ 3 5 15 19 20 21 ]
{ CE 149 CE 392 } 
SE 2 [ 6 ]
{ CE 306 CE 727 } 
} 
} 
} 
SE -1 [ 0 ]
{ SE 0 [ 2 3 4 5 6 7 8 9 10 11 12 13 14 15 16 17 18 19 20 21 22 23 24 25 26 27 28 29 30 31 32 33 34 35 36 37 ]
{ CE 621 SE 0 [ 1 ]
{ CE 418 CE 758 } 
} 
SE 2 [ 11 ]
{ CE 291 SE 2 [ 3 5 15 19 20 21 ]
{ CE 519 CE 621 } 
} 
} 
} 
SE -1 [ 0 1 ]
{ SE -1 [ 0 ]
{ SE 0 [ 4 8 10 14 16 30 32 33 37 ]
{ SE 2 [ 2 3 4 5 6 7 8 9 10 11 12 13 14 15 16 17 18 19 20 21 22 23 24 25 26 27 28 29 30 31 32 33 34 35 36 37 ]
{ SE 0 [ 10 14 ]
{ CE 18 SE 2 [ 3 5 6 9 11 15 19 20 21 22 24 25 26 27 34 ]
{ CE 613 CE 709 } 
} 
CE 340 } 
SE 0 [ 2 7 23 28 31 36 ]
{ SE 2 [ 2 3 4 5 6 7 8 9 10 11 12 13 14 15 16 17 18 19 20 21 22 23 24 25 26 27 28 29 30 31 32 33 34 35 36 37 ]
{ CE 129 CE 439 } 
SE 0 [ 22 25 26 ]
{ SE 2 [ 2 3 4 5 6 7 8 9 10 11 12 13 14 15 16 17 18 19 20 21 22 23 24 25 26 27 28 29 30 31 32 33 34 35 36 37 ]
{ CE 208 CE 432 } 
SE 0 [ 3 5 6 9 11 15 19 20 21 22 24 25 26 27 34 ]
{ CE 241 SE 0 [ 18 ]
{ CE 439 CE 606 } 
} 
} 
} 
} 
SE 2 [ 4 8 10 14 16 30 32 33 37 ]
{ SE 2 [ 32 ]
{ CE 376 SE 2 [ 33 ]
{ CE 376 SE 2 [ 4 8 10 14 32 ]
{ CE 292 CE 431 } 
} 
} 
SE 2 [ 2 3 4 5 6 7 8 9 10 11 12 13 14 15 16 17 18 19 20 21 22 23 24 25 26 27 28 29 30 31 32 33 34 35 36 37 ]
{ SE 2 [ 2 7 23 28 31 36 ]
{ SE 0 [ 4 8 10 14 16 30 32 33 37 ]
{ CE 146 CE 376 } 
SE 0 [ 4 8 10 14 16 30 32 33 37 ]
{ SE 2 [ 22 25 26 ]
{ CE 216 CE 526 } 
SE 2 [ 22 25 26 ]
{ SE 0 [ 2 7 23 28 31 36 ]
{ CE 216 CE 736 } 
CE 393 } 
} 
} 
CE 209 } 
} 
} 
SE 2 [ 4 8 10 14 16 30 32 33 37 ]
{ SE 2 [ 30 ]
{ CE 46 SE 2 [ 4 8 ]
{ CE 240 SE 2 [ 37 ]
{ CE 215 SE 2 [ 10 ]
{ CE 240 CE 677 } 
} 
} 
} 
SE 2 [ 3 5 6 9 11 15 19 20 21 22 24 25 26 27 34 ]
{ SE 2 [ 22 25 26 ]
{ CE 92 SE 2 [ 11 ]
{ CE 352 SE 2 [ 5 ]
{ CE 352 CE 543 } 
} 
} 
SE 2 [ 2 3 4 5 6 7 8 9 10 11 12 13 14 15 16 17 18 19 20 21 22 23 24 25 26 27 28 29 30 31 32 33 34 35 36 37 ]
{ SE 2 [ 2 7 23 28 31 36 ]
{ CE 103 SE 2 [ 18 29 ]
{ CE 543 SE 2 [ 12 13 17 18 29 ]
{ CE 655 CE 672 } 
} 
} 
CE 188 } 
} 
} 
} 
SE -1 [ 0 ]
{ SE 0 [ 2 3 5 6 7 9 11 12 13 15 17 18 19 20 21 22 23 24 25 26 27 28 29 31 34 35 36 ]
{ SE 0 [ 22 25 26 ]
{ SE 2 [ 3 5 15 19 20 21 ]
{ CE 720 CE 720 } 
SE 0 [ 2 7 12 13 17 18 23 28 29 31 35 36 ]
{ SE 0 [ 2 7 23 28 31 36 ]
{ CE 107 CE 364 } 
SE 2 [ 3 5 6 9 11 15 19 20 21 22 24 25 26 27 34 ]
{ SE 2 [ 22 24 25 26 ]
{ CE 206 SE 0 [ 3 5 15 19 20 21 ]
{ CE 374 CE 515 } 
} 
SE 0 [ 3 5 15 19 20 21 ]
{ SE 2 [ 4 8 10 14 16 30 32 33 37 ]
{ CE 478 CE 708 } 
SE 0 [ 11 ]
{ CE 206 CE 560 } 
} 
} 
} 
} 
SE 0 [ 2 3 4 5 6 7 8 9 10 11 12 13 14 15 16 17 18 19 20 21 22 23 24 25 26 27 28 29 30 31 32 33 34 35 36 37 ]
{ CE 107 CE 219 } 
} 
SE 2 [ 3 5 6 9 11 15 19 20 21 22 24 25 26 27 34 ]
{ SE 2 [ 3 5 15 19 20 21 ]
{ SE -1 [ 0 1 ]
{ SE 0 [ 22 25 26 ]
{ CE 19 SE 0 [ 3 5 6 9 11 15 19 20 21 22 24 25 26 27 34 ]
{ CE 535 SE 0 [ 12 13 17 18 29 35 ]
{ CE 535 CE 537 } 
} 
} 
SE 2 [ 3 5 ]
{ SE 0 [ 3 5 6 9 11 15 19 20 21 22 24 25 26 27 34 ]
{ CE 136 CE 563 } 
CE 374 } 
} 
SE 2 [ 11 ]
{ SE -1 [ 0 1 ]
{ SE 0 [ 22 25 26 ]
{ CE 74 SE 0 [ 2 3 5 6 7 9 11 12 13 15 17 18 19 20 21 22 23 24 25 26 27 28 29 31 34 35 36 ]
{ CE 486 CE 616 } 
} 
SE 0 [ 26 ]
{ CE 113 CE 689 } 
} 
SE -1 [ 0 1 ]
{ SE 2 [ 22 24 25 26 ]
{ CE 180 CE 257 } 
SE 2 [ 22 24 25 26 ]
{ CE 180 CE 232 } 
} 
} 
} 
SE 2 [ 4 8 10 14 16 30 32 33 37 ]
{ SE 2 [ 30 ]
{ CE 64 CE 478 } 
SE -1 [ 0 1 ]
{ SE 2 [ 12 13 17 18 29 35 ]
{ CE 680 SE 2 [ 2 3 4 5 6 7 8 9 10 11 12 13 14 15 16 17 18 19 20 21 22 23 24 25 26 27 28 29 30 31 32 33 34 35 36 37 ]
{ CE 708 CE 708 } 
} 
SE 2 [ 2 3 4 5 6 7 8 9 10 11 12 13 14 15 16 17 18 19 20 21 22 23 24 25 26 27 28 29 30 31 32 33 34 35 36 37 ]
{ SE 2 [ 2 7 23 28 31 36 ]
{ CE 161 CE 680 } 
CE 373 } 
} 
} 
} 
} 
SE -1 [ 0 ]
{ SE 0 [ 4 8 10 14 32 ]
{ CE 20 SE 0 [ 22 25 26 ]
{ CE 166 SE 0 [ 3 5 15 19 20 21 ]
{ CE 572 SE 0 [ 6 9 11 ]
{ CE 572 CE 662 } 
} 
} 
} 
SE -1 [ 0 1 ]
{ SE 2 [ 12 13 17 18 29 35 ]
{ CE 90 SE 2 [ 4 8 10 14 16 30 32 33 37 ]
{ SE 2 [ 33 ]
{ CE 444 SE 2 [ 32 ]
{ CE 444 CE 445 } 
} 
SE 2 [ 2 7 12 13 17 18 23 28 29 31 35 36 ]
{ CE 444 CE 394 } 
} 
} 
SE 2 [ 4 8 10 14 16 30 32 33 37 ]
{ SE 2 [ 33 ]
{ CE 234 SE 2 [ 32 ]
{ CE 234 SE 2 [ 4 8 10 14 32 ]
{ CE 281 CE 571 } 
} 
} 
SE 2 [ 2 7 23 28 31 36 ]
{ CE 234 SE 2 [ 2 3 4 5 6 7 8 9 10 11 12 13 14 15 16 17 18 19 20 21 22 23 24 25 26 27 28 29 30 31 32 33 34 35 36 37 ]
{ SE 2 [ 3 5 15 19 20 21 22 24 25 26 27 34 ]
{ CE 427 SE 2 [ 13 17 ]
{ CE 427 CE 557 } 
} 
CE 311 } 
} 
} 
} 
} 
SE -1 [ 0 1 ]
{ SE 0 [ 9 ]
{ CE 21 CE 714 } 
SE 2 [ 4 8 10 14 16 30 32 33 37 ]
{ CE 471 CE 646 } 
} 
SE -1 [ 0 ]
{ SE 0 [ 4 8 10 14 16 30 32 33 37 ]
{ SE 2 [ 3 5 15 19 20 21 ]
{ SE 2 [ 3 5 ]
{ CE 805 CE 642 } 
SE 2 [ 27 34 ]
{ CE 539 SE 2 [ 6 9 ]
{ CE 539 CE 805 } 
} 
} 
SE 0 [ 3 5 15 19 20 21 22 24 25 26 27 34 ]
{ SE 0 [ 27 34 ]
{ CE 442 SE 2 [ 6 9 ]
{ CE 331 SE 2 [ 27 34 ]
{ CE 331 SE 2 [ 3 5 15 19 20 21 22 24 25 26 27 34 ]
{ CE 335 CE 659 } 
} 
} 
} 
SE 0 [ 3 5 6 9 11 15 19 20 21 22 24 25 26 27 34 ]
{ SE 0 [ 6 9 ]
{ SE 2 [ 6 9 ]
{ CE 710 SE 2 [ 27 34 ]
{ CE 710 CE 776 } 
} 
SE 2 [ 6 9 ]
{ CE 325 SE 2 [ 27 34 ]
{ CE 325 CE 461 } 
} 
} 
SE 0 [ 2 3 4 5 6 7 8 9 10 11 12 13 14 15 16 17 18 19 20 21 22 23 24 25 26 27 28 29 30 31 32 33 34 35 36 37 ]
{ SE 0 [ 2 7 23 28 31 36 ]
{ CE 212 CE 442 } 
SE 2 [ 6 9 ]
{ CE 256 CE 422 } 
} 
} 
} 
} 
SE -1 [ 0 1 ]
{ SE 2 [ 3 5 15 19 20 21 ]
{ SE 0 [ 4 8 10 14 16 30 32 33 37 ]
{ SE 2 [ 3 5 ]
{ CE 22 CE 351 } 
SE 2 [ 3 5 ]
{ CE 252 CE 790 } 
} 
SE 2 [ 11 ]
{ SE 0 [ 2 3 5 6 7 9 11 12 13 15 17 18 19 20 21 22 23 24 25 26 27 28 29 31 34 35 36 ]
{ CE 112 CE 475 } 
SE 2 [ 3 5 6 9 11 15 19 20 21 22 24 25 26 27 34 ]
{ SE 2 [ 22 24 25 26 ]
{ CE 803 SE 2 [ 6 ]
{ SE 0 [ 3 5 6 9 11 15 19 20 21 22 24 25 26 27 34 ]
{ CE 230 CE 521 } 
SE 0 [ 2 3 5 6 7 9 11 12 13 15 17 18 19 20 21 22 23 24 25 26 27 28 29 31 34 35 36 ]
{ CE 321 CE 699 } 
} 
} 
SE 2 [ 12 13 17 18 29 35 ]
{ CE 153 SE 2 [ 4 8 10 14 16 30 32 33 37 ]
{ CE 675 CE 803 } 
} 
} 
} 
} 
SE 2 [ 6 9 11 ]
{ SE 2 [ 6 9 ]
{ SE 2 [ 6 ]
{ CE 51 CE 786 } 
SE 0 [ 2 3 5 6 7 9 11 12 13 15 17 18 19 20 21 22 23 24 25 26 27 28 29 31 34 35 36 ]
{ CE 126 CE 781 } 
} 
SE 2 [ 3 5 6 9 11 15 19 20 21 22 24 25 26 27 34 ]
{ SE 2 [ 27 34 ]
{ CE 786 SE 2 [ 3 5 15 19 20 21 ]
{ SE 2 [ 3 5 ]
{ CE 144 SE 0 [ 16 30 ]
{ CE 250 CE 593 } 
} 
CE 738 } 
} 
SE 2 [ 30 ]
{ CE 101 SE 2 [ 12 13 17 18 29 35 ]
{ SE 2 [ 29 ]
{ CE 226 CE 738 } 
SE 2 [ 2 3 4 5 6 7 8 9 10 11 12 13 14 15 16 17 18 19 20 21 22 23 24 25 26 27 28 29 30 31 32 33 34 35 36 37 ]
{ CE 323 CE 594 } 
} 
} 
} 
} 
} 
} 
SE -1 [ 0 1 ]
{ SE 0 [ 3 5 6 9 11 15 19 20 21 22 24 25 26 27 34 ]
{ SE 2 [ 3 5 6 9 11 15 19 20 21 22 24 25 26 27 34 ]
{ SE -1 [ 0 ]
{ SE 0 [ 3 5 15 19 20 21 ]
{ SE 2 [ 22 24 25 26 ]
{ CE 434 CE 768 } 
SE 0 [ 11 ]
{ CE 350 SE 2 [ 3 5 15 19 20 21 ]
{ CE 429 CE 798 } 
} 
} 
SE 2 [ 3 5 15 19 20 21 ]
{ SE 2 [ 3 5 ]
{ CE 177 SE 0 [ 3 5 15 19 20 21 ]
{ CE 400 CE 732 } 
} 
SE 2 [ 11 ]
{ CE 283 SE 2 [ 22 24 25 26 ]
{ CE 434 CE 834 } 
} 
} 
} 
SE 2 [ 4 8 10 14 16 30 32 33 37 ]
{ CE 138 CE 591 } 
} 
SE 2 [ 11 ]
{ SE -1 [ 0 ]
{ SE 0 [ 2 3 4 5 6 7 8 9 10 11 12 13 14 15 16 17 18 19 20 21 22 23 24 25 26 27 28 29 30 31 32 33 34 35 36 37 ]
{ CE 133 CE 435 } 
SE 0 [ 2 3 4 5 6 7 8 9 10 11 12 13 14 15 16 17 18 19 20 21 22 23 24 25 26 27 28 29 30 31 32 33 34 35 36 37 ]
{ CE 319 CE 614 } 
} 
SE 2 [ 3 5 15 19 20 21 ]
{ SE 0 [ 12 13 17 18 29 35 ]
{ CE 273 CE 724 } 
CE 529 } 
} 
} 
SE 2 [ 3 5 15 19 20 21 ]
{ SE 2 [ 5 ]
{ CE 23 SE 0 [ 3 5 6 9 11 15 19 20 21 22 24 25 26 27 34 ]
{ CE 245 CE 842 } 
} 
SE 2 [ 11 ]
{ SE 0 [ 2 3 4 5 6 7 8 9 10 11 12 13 14 15 16 17 18 19 20 21 22 23 24 25 26 27 28 29 30 31 32 33 34 35 36 37 ]
{ CE 116 CE 566 } 
SE 2 [ 3 5 6 9 11 15 19 20 21 22 24 25 26 27 34 ]
{ SE 2 [ 22 24 25 26 ]
{ CE 434 SE 2 [ 34 ]
{ CE 549 CE 841 } 
} 
CE 341 } 
} 
} 
} 
SE -1 [ 0 1 ]
{ SE 0 [ 3 5 6 9 11 15 19 20 21 22 24 25 26 27 34 ]
{ SE -1 [ 0 ]
{ SE 0 [ 3 5 15 19 20 21 ]
{ SE 0 [ 3 5 ]
{ SE 2 [ 3 5 15 19 20 21 ]
{ CE 553 SE 0 [ 3 ]
{ CE 751 CE 847 } 
} 
CE 553 } 
SE 0 [ 11 ]
{ SE 2 [ 3 5 15 19 20 21 ]
{ CE 109 SE 2 [ 28 ]
{ CE 653 CE 772 } 
} 
SE 2 [ 6 9 11 ]
{ CE 242 CE 650 } 
} 
} 
SE 2 [ 6 9 11 ]
{ SE 2 [ 6 9 ]
{ CE 168 SE 0 [ 3 5 15 19 20 21 ]
{ CE 423 CE 787 } 
} 
SE 2 [ 3 5 15 19 20 21 ]
{ SE 2 [ 3 5 ]
{ CE 110 SE 0 [ 3 5 15 19 20 21 ]
{ CE 436 CE 673 } 
} 
SE 2 [ 27 34 ]
{ CE 168 SE 2 [ 4 8 10 14 16 30 32 33 37 ]
{ CE 348 SE 2 [ 2 7 23 28 31 36 ]
{ CE 588 SE 2 [ 2 3 4 5 6 7 8 9 10 11 12 13 14 15 16 17 18 19 20 21 22 23 24 25 26 27 28 29 30 31 32 33 34 35 36 37 ]
{ CE 671 CE 840 } 
} 
} 
} 
} 
} 
} 
SE -1 [ 0 ]
{ SE 0 [ 2 3 4 5 6 7 8 9 10 11 12 13 14 15 16 17 18 19 20 21 22 23 24 25 26 27 28 29 30 31 32 33 34 35 36 37 ]
{ SE 2 [ 3 5 15 19 20 21 ]
{ CE 68 CE 831 } 
SE 2 [ 3 5 15 19 20 21 22 24 25 26 27 34 ]
{ CE 211 CE 853 } 
} 
SE 2 [ 3 5 15 19 20 21 ]
{ CE 172 SE 2 [ 11 ]
{ CE 260 CE 433 } 
} 
} 
} 
SE 2 [ 3 5 6 9 11 15 19 20 21 22 24 25 26 27 34 ]
{ SE 2 [ 3 5 15 19 20 21 ]
{ SE 2 [ 3 5 ]
{ CE 24 CE 224 } 
SE 2 [ 11 ]
{ SE 0 [ 2 3 4 5 6 7 8 9 10 11 12 13 14 15 16 17 18 19 20 21 22 23 24 25 26 27 28 29 30 31 32 33 34 35 36 37 ]
{ CE 88 CE 654 } 
SE 2 [ 22 24 25 26 ]
{ CE 671 SE 2 [ 3 5 15 19 20 21 22 24 25 26 27 34 ]
{ CE 303 CE 452 } 
} 
} 
} 
SE 2 [ 4 8 10 14 16 30 32 33 37 ]
{ SE 2 [ 4 8 10 14 32 ]
{ CE 77 CE 802 } 
SE 2 [ 1 ]
{ CE 176 SE 2 [ 2 7 23 28 31 36 ]
{ CE 412 CE 604 } 
} 
} 
} 
} 
SE -1 [ 0 ]
{ SE 0 [ 3 5 6 9 11 15 19 20 21 22 24 25 26 27 34 ]
{ SE 0 [ 3 5 15 19 20 21 ]
{ SE 2 [ 15 19 20 ]
{ CE 25 SE 2 [ 3 5 6 9 11 15 19 20 21 22 24 25 26 27 34 ]
{ SE 0 [ 3 5 ]
{ CE 317 CE 437 } 
SE 2 [ 31 ]
{ CE 342 CE 477 } 
} 
} 
SE 2 [ 6 9 11 ]
{ SE 0 [ 3 5 15 19 20 21 22 24 25 26 27 34 ]
{ CE 142 CE 514 } 
SE 0 [ 11 ]
{ SE 2 [ 15 19 20 ]
{ CE 316 CE 795 } 
SE 0 [ 22 24 25 26 ]
{ CE 355 CE 497 } 
} 
} 
} 
SE 0 [ 2 3 4 5 6 7 8 9 10 11 12 13 14 15 16 17 18 19 20 21 22 23 24 25 26 27 28 29 30 31 32 33 34 35 36 37 ]
{ SE 0 [ 2 3 5 6 7 9 11 12 13 15 17 18 19 20 21 22 23 24 25 26 27 28 29 31 34 35 36 ]
{ SE 0 [ 2 7 23 28 31 36 ]
{ CE 57 CE 357 } 
SE 2 [ 3 5 15 19 20 21 ]
{ CE 263 CE 605 } 
} 
SE 0 [ 1 ]
{ CE 201 CE 640 } 
} 
} 
SE 2 [ 6 9 11 ]
{ SE -1 [ 0 1 ]
{ SE 0 [ 2 3 5 6 7 9 11 12 13 15 17 18 19 20 21 22 23 24 25 26 27 28 29 31 34 35 36 ]
{ SE 2 [ 6 9 ]
{ CE 148 SE 0 [ 15 19 20 ]
{ CE 406 CE 723 } 
} 
SE 0 [ 2 3 4 5 6 7 8 9 10 11 12 13 14 15 16 17 18 19 20 21 22 23 24 25 26 27 28 29 30 31 32 33 34 35 36 37 ]
{ CE 318 CE 681 } 
} 
SE 2 [ 6 9 ]
{ CE 106 SE 0 [ 3 5 6 9 11 15 19 20 21 22 24 25 26 27 34 ]
{ CE 253 CE 767 } 
} 
} 
SE 2 [ 3 5 6 9 11 15 19 20 21 22 24 25 26 27 34 ]
{ SE -1 [ 0 1 ]
{ SE 2 [ 15 19 20 ]
{ SE 0 [ 3 5 6 9 11 15 19 20 21 22 24 25 26 27 34 ]
{ SE 0 [ 3 5 15 19 20 21 ]
{ CE 50 CE 619 } 
CE 565 } 
SE 0 [ 3 5 6 9 11 15 19 20 21 22 24 25 26 27 34 ]
{ SE 2 [ 27 34 ]
{ CE 148 SE 2 [ 21 ]
{ CE 619 CE 541 } 
} 
SE 0 [ 12 13 17 18 29 35 ]
{ CE 541 SE 2 [ 21 ]
{ CE 565 CE 804 } 
} 
} 
} 
SE 2 [ 15 19 20 ]
{ SE 2 [ 20 ]
{ SE 0 [ 3 5 6 9 11 15 19 20 21 22 24 25 26 27 34 ]
{ CE 86 CE 816 } 
CE 816 } 
SE 2 [ 27 34 ]
{ CE 108 SE 2 [ 21 ]
{ CE 816 SE 0 [ 3 5 6 9 11 15 19 20 21 22 24 25 26 27 34 ]
{ CE 343 CE 800 } 
} 
} 
} 
} 
SE 2 [ 4 8 10 14 16 30 32 33 37 ]
{ SE 2 [ 4 8 10 14 32 ]
{ CE 66 SE -1 [ 0 1 ]
{ CE 504 CE 744 } 
} 
SE 2 [ 2 3 4 5 6 7 8 9 10 11 12 13 14 15 16 17 18 19 20 21 22 23 24 25 26 27 28 29 30 31 32 33 34 35 36 37 ]
{ SE 2 [ 31 ]
{ CE 207 CE 801 } 
CE 667 } 
} 
} 
} 
} 
SE -1 [ 0 1 ]
{ SE -1 [ 0 ]
{ SE 0 [ 2 7 12 13 17 18 23 28 29 31 35 36 ]
{ SE 0 [ 2 31 ]
{ CE 366 SE 0 [ 13 ]
{ CE 380 CE 502 } 
} 
SE 0 [ 4 8 10 14 16 30 32 33 37 ]
{ CE 366 CE 380 } 
} 
SE 2 [ 1 ]
{ SE 0 [ 2 31 ]
{ CE 125 CE 503 } 
SE 2 [ 11 ]
{ CE 184 SE 2 [ 2 7 23 28 31 36 ]
{ CE 503 CE 564 } 
} 
} 
} 
SE 2 [ 2 3 4 5 6 7 8 9 10 11 12 13 14 15 16 17 18 19 20 21 22 23 24 25 26 27 28 29 30 31 32 33 34 35 36 37 ]
{ SE 2 [ 11 ]
{ CE 26 SE 2 [ 2 7 23 28 31 36 ]
{ CE 307 SE 2 [ 3 5 15 19 20 21 ]
{ CE 275 CE 396 } 
} 
} 
SE 0 [ 2 31 ]
{ CE 81 CE 307 } 
} 
} 
SE -1 [ 0 ]
{ SE 2 [ 4 8 10 14 16 30 32 33 37 ]
{ SE 0 [ 2 3 5 6 7 9 11 12 13 15 17 18 19 20 21 22 23 24 25 26 27 28 29 31 34 35 36 ]
{ SE 0 [ 3 5 15 19 20 21 ]
{ CE 27 SE 2 [ 30 ]
{ CE 453 CE 685 } 
} 
CE 375 } 
SE 0 [ 2 3 5 6 7 9 11 12 13 15 17 18 19 20 21 22 23 24 25 26 27 28 29 31 34 35 36 ]
{ SE 0 [ 6 9 11 ]
{ SE 0 [ 6 9 ]
{ CE 145 CE 652 } 
SE 0 [ 3 5 15 19 20 21 ]
{ SE 0 [ 3 5 ]
{ CE 276 CE 725 } 
SE 0 [ 2 7 12 13 17 18 23 28 29 31 35 36 ]
{ CE 450 SE 2 [ 29 ]
{ CE 832 CE 833 } 
} 
} 
} 
SE 0 [ 2 3 4 5 6 7 8 9 10 11 12 13 14 15 16 17 18 19 20 21 22 23 24 25 26 27 28 29 30 31 32 33 34 35 36 37 ]
{ CE 163 SE 0 [ 1 ]
{ CE 484 CE 839 } 
} 
} 
} 
SE 2 [ 4 8 10 14 16 30 32 33 37 ]
{ SE -1 [ 0 1 ]
{ SE 2 [ 30 ]
{ CE 58 SE 0 [ 2 3 5 6 7 9 11 12 13 15 17 18 19 20 21 22 23 24 25 26 27 28 29 31 34 35 36 ]
{ CE 327 CE 603 } 
} 
SE 2 [ 4 8 10 14 32 ]
{ SE 0 [ 2 3 5 6 7 9 11 12 13 15 17 18 19 20 21 22 23 24 25 26 27 28 29 31 34 35 36 ]
{ CE 196 CE 755 } 
CE 277 } 
} 
SE 2 [ 3 5 15 19 20 21 ]
{ SE -1 [ 0 1 ]
{ SE 0 [ 2 3 5 6 7 9 11 12 13 15 17 18 19 20 21 22 23 24 25 26 27 28 29 31 34 35 36 ]
{ CE 296 CE 695 } 
SE 2 [ 20 ]
{ CE 217 SE 2 [ 3 5 ]
{ CE 817 CE 829 } 
} 
} 
SE -1 [ 0 1 ]
{ SE 2 [ 3 5 6 9 11 15 19 20 21 22 24 25 26 27 34 ]
{ SE 2 [ 11 ]
{ SE 0 [ 25 ]
{ CE 78 CE 562 } 
SE 0 [ 2 3 5 6 7 9 11 12 13 15 17 18 19 20 21 22 23 24 25 26 27 28 29 31 34 35 36 ]
{ SE 2 [ 3 5 15 19 20 21 22 24 25 26 27 34 ]
{ SE 2 [ 22 24 25 26 ]
{ CE 296 CE 855 } 
CE 711 } 
CE 489 } 
} 
SE 0 [ 3 5 6 9 11 15 19 20 21 22 24 25 26 27 34 ]
{ CE 200 CE 820 } 
} 
SE 2 [ 3 5 6 9 11 15 19 20 21 22 24 25 26 27 34 ]
{ SE 2 [ 11 ]
{ SE 0 [ 25 ]
{ CE 118 CE 812 } 
SE 2 [ 3 5 15 19 20 21 22 24 25 26 27 34 ]
{ SE 2 [ 22 24 25 26 ]
{ CE 296 CE 838 } 
CE 495 } 
} 
CE 258 } 
} 
} 
} 
} 
SE 2 [ 3 5 15 19 20 21 ]
{ SE -1 [ 0 1 ]
{ SE 0 [ 3 5 6 9 11 15 19 20 21 22 24 25 26 27 34 ]
{ SE 0 [ 3 5 15 19 20 21 ]
{ CE 28 SE 0 [ 11 ]
{ CE 367 SE -1 [ 0 ]
{ CE 469 CE 716 } 
} 
} 
SE -1 [ 0 ]
{ CE 251 CE 815 } 
} 
SE 2 [ 3 5 ]
{ SE 2 [ 3 ]
{ CE 134 CE 674 } 
SE 0 [ 3 5 6 9 11 15 19 20 21 22 24 25 26 27 34 ]
{ CE 360 CE 556 } 
} 
} 
SE 2 [ 11 ]
{ SE -1 [ 0 1 ]
{ SE 0 [ 3 5 6 9 11 15 19 20 21 22 24 25 26 27 34 ]
{ SE -1 [ 0 ]
{ SE 0 [ 3 5 15 19 20 21 ]
{ CE 796 SE 0 [ 11 ]
{ CE 796 CE 808 } 
} 
CE 523 } 
SE -1 [ 0 ]
{ SE 0 [ 2 23 31 36 ]
{ CE 363 CE 813 } 
CE 523 } 
} 
SE 0 [ 2 7 23 28 31 36 ]
{ CE 147 CE 651 } 
} 
SE 2 [ 3 5 6 9 11 15 19 20 21 22 24 25 26 27 34 ]
{ SE -1 [ 0 ]
{ SE 0 [ 3 5 6 9 11 15 19 20 21 22 24 25 26 27 34 ]
{ SE 2 [ 22 24 25 26 ]
{ CE 82 SE 0 [ 3 5 15 19 20 21 ]
{ CE 300 SE 0 [ 11 ]
{ CE 532 CE 814 } 
} 
} 
SE 0 [ 7 28 ]
{ CE 243 SE 0 [ 2 7 23 28 31 36 ]
{ CE 520 SE 0 [ 2 3 4 5 6 7 8 9 10 11 12 13 14 15 16 17 18 19 20 21 22 23 24 25 26 27 28 29 30 31 32 33 34 35 36 37 ]
{ CE 728 CE 771 } 
} 
} 
} 
SE 2 [ 22 24 25 26 ]
{ CE 141 SE 0 [ 2 7 23 28 31 36 ]
{ SE -1 [ 0 1 ]
{ CE 156 CE 742 } 
SE 2 [ 6 ]
{ SE -1 [ 0 1 ]
{ CE 271 CE 845 } 
CE 487 } 
} 
} 
} 
SE 2 [ 4 8 10 14 16 30 32 33 37 ]
{ SE -1 [ 0 ]
{ CE 100 CE 683 } 
SE 2 [ 12 13 17 18 29 35 ]
{ SE 0 [ 3 5 15 19 20 21 ]
{ CE 268 CE 741 } 
SE 2 [ 28 ]
{ CE 513 SE -1 [ 0 ]
{ CE 612 CE 843 } 
} 
} 
} 
} 
} 
} 
SE -1 [ 0 ]
{ SE 0 [ 2 3 4 5 6 7 8 9 10 11 12 13 14 15 16 17 18 19 20 21 22 23 24 25 26 27 28 29 30 31 32 33 34 35 36 37 ]
{ SE 0 [ 6 9 11 ]
{ SE 0 [ 6 9 ]
{ CE 353 CE 334 } 
SE 0 [ 3 5 15 19 20 21 ]
{ SE 0 [ 3 5 ]
{ CE 80 SE 0 [ 19 ]
{ CE 269 CE 730 } 
} 
SE 0 [ 3 5 6 9 11 15 19 20 21 22 24 25 26 27 34 ]
{ SE 0 [ 22 24 25 26 ]
{ CE 204 CE 849 } 
SE 0 [ 12 13 17 18 29 35 ]
{ SE 0 [ 18 29 ]
{ CE 353 CE 849 } 
SE 0 [ 7 28 ]
{ CE 451 CE 729 } 
} 
} 
} 
} 
SE 2 [ 27 34 ]
{ CE 62 CE 454 } 
} 
SE -1 [ 0 1 ]
{ SE 2 [ 3 5 6 9 11 15 19 20 21 22 24 25 26 27 34 ]
{ SE 2 [ 3 5 15 19 20 21 22 24 25 26 27 34 ]
{ SE 2 [ 3 5 15 19 20 21 ]
{ SE 2 [ 3 5 ]
{ SE 2 [ 3 ]
{ CE 29 CE 825 } 
CE 600 } 
SE 2 [ 22 24 25 26 ]
{ CE 384 SE 0 [ 1 ]
{ CE 587 CE 846 } 
} 
} 
SE 2 [ 6 9 ]
{ CE 157 CE 511 } 
} 
SE 2 [ 35 ]
{ CE 63 SE 2 [ 23 ]
{ CE 322 SE 2 [ 7 28 ]
{ CE 333 SE 2 [ 4 8 10 14 32 ]
{ CE 602 SE 2 [ 2 3 5 6 7 9 11 12 13 15 17 18 19 20 21 22 23 24 25 26 27 28 29 31 34 35 36 ]
{ CE 633 CE 823 } 
} 
} 
} 
} 
} 
SE 2 [ 3 5 6 9 11 15 19 20 21 22 24 25 26 27 34 ]
{ SE 2 [ 3 5 15 19 20 21 22 24 25 26 27 34 ]
{ SE 2 [ 3 5 15 19 20 21 ]
{ SE 2 [ 5 ]
{ CE 42 SE 2 [ 3 ]
{ CE 589 CE 715 } 
} 
SE 2 [ 22 24 25 26 ]
{ CE 261 CE 745 } 
} 
SE 2 [ 6 9 ]
{ CE 143 CE 362 } 
} 
SE 2 [ 31 ]
{ CE 45 SE 2 [ 4 8 10 14 16 30 32 33 37 ]
{ SE 2 [ 4 8 10 14 32 ]
{ CE 247 CE 823 } 
SE 2 [ 35 ]
{ CE 255 SE 2 [ 2 23 31 36 ]
{ CE 299 SE 2 [ 28 ]
{ CE 397 CE 824 } 
} 
} 
} 
} 
} 
} 
} 
SE -1 [ 0 ]
{ SE 0 [ 2 3 5 6 7 9 11 12 13 15 17 18 19 20 21 22 23 24 25 26 27 28 29 31 34 35 36 ]
{ SE 0 [ 3 5 15 19 20 21 22 24 25 26 27 34 ]
{ SE 0 [ 26 ]
{ SE 2 [ 27 ]
{ CE 30 CE 806 } 
SE 2 [ 3 5 6 9 11 15 19 20 21 22 24 25 26 27 34 ]
{ SE 2 [ 3 5 15 19 20 21 22 24 25 26 27 34 ]
{ CE 324 CE 693 } 
CE 499 } 
} 
SE 2 [ 3 5 6 9 11 15 19 20 21 22 24 25 26 27 34 ]
{ SE 2 [ 3 5 15 19 20 21 22 24 25 26 27 34 ]
{ CE 214 CE 656 } 
CE 455 } 
} 
SE 0 [ 2 3 4 5 6 7 8 9 10 11 12 13 14 15 16 17 18 19 20 21 22 23 24 25 26 27 28 29 30 31 32 33 34 35 36 37 ]
{ SE 2 [ 6 9 11 ]
{ SE 0 [ 4 8 10 14 32 ]
{ CE 567 CE 821 } 
SE 2 [ 3 5 6 9 11 15 19 20 21 22 24 25 26 27 34 ]
{ CE 567 CE 819 } 
} 
SE 0 [ 1 ]
{ CE 193 CE 778 } 
} 
} 
SE 2 [ 3 5 6 9 11 15 19 20 21 22 24 25 26 27 34 ]
{ SE -1 [ 0 1 ]
{ SE 2 [ 3 5 15 19 20 21 22 24 25 26 27 34 ]
{ SE 2 [ 27 34 ]
{ SE 0 [ 26 ]
{ CE 48 SE 0 [ 2 3 5 6 7 9 11 12 13 15 17 18 19 20 21 22 23 24 25 26 27 28 29 31 34 35 36 ]
{ CE 575 CE 780 } 
} 
SE 2 [ 22 25 26 ]
{ CE 518 SE 2 [ 3 5 ]
{ SE 0 [ 2 3 5 6 7 9 11 12 13 15 17 18 19 20 21 22 23 24 25 26 27 28 29 31 34 35 36 ]
{ CE 389 CE 827 } 
SE 0 [ 2 3 5 6 7 9 11 12 13 15 17 18 19 20 21 22 23 24 25 26 27 28 29 31 34 35 36 ]
{ CE 508 CE 827 } 
} 
} 
} 
SE 0 [ 2 3 5 6 7 9 11 12 13 15 17 18 19 20 21 22 23 24 25 26 27 28 29 31 34 35 36 ]
{ SE 2 [ 6 9 ]
{ CE 151 CE 464 } 
SE 2 [ 6 9 ]
{ SE 0 [ 2 3 4 5 6 7 8 9 10 11 12 13 14 15 16 17 18 19 20 21 22 23 24 25 26 27 28 29 30 31 32 33 34 35 36 37 ]
{ CE 237 CE 692 } 
CE 479 } 
} 
} 
SE 2 [ 3 5 15 19 20 21 22 24 25 26 27 34 ]
{ SE 2 [ 27 34 ]
{ SE 0 [ 26 ]
{ CE 91 CE 754 } 
SE 2 [ 3 5 ]
{ CE 171 SE 2 [ 3 5 15 19 20 21 ]
{ SE 2 [ 15 ]
{ CE 320 CE 721 } 
CE 518 } 
} 
} 
SE 2 [ 6 9 ]
{ SE 2 [ 6 ]
{ SE 0 [ 2 3 5 6 7 9 11 12 13 15 17 18 19 20 21 22 23 24 25 26 27 28 29 31 34 35 36 ]
{ CE 104 CE 782 } 
CE 754 } 
SE 0 [ 2 3 5 6 7 9 11 12 13 15 17 18 19 20 21 22 23 24 25 26 27 28 29 31 34 35 36 ]
{ CE 265 CE 779 } 
} 
} 
} 
SE 2 [ 4 8 10 14 16 30 32 33 37 ]
{ CE 87 SE -1 [ 0 1 ]
{ SE 2 [ 18 29 ]
{ CE 231 CE 632 } 
SE 2 [ 12 13 17 18 29 35 ]
{ SE 2 [ 29 ]
{ CE 309 CE 617 } 
SE 2 [ 23 ]
{ CE 410 CE 783 } 
} 
} 
} 
} 
} 
SE -1 [ 0 ]
{ SE 0 [ 4 8 10 14 16 30 32 33 37 ]
{ SE 0 [ 4 8 10 14 32 ]
{ CE 31 CE 658 } 
SE 0 [ 3 5 15 19 20 21 22 24 25 26 27 34 ]
{ SE 0 [ 19 ]
{ CE 67 SE 0 [ 3 5 15 19 20 21 ]
{ CE 512 CE 582 } 
} 
SE 0 [ 2 3 4 5 6 7 8 9 10 11 12 13 14 15 16 17 18 19 20 21 22 23 24 25 26 27 28 29 30 31 32 33 34 35 36 37 ]
{ SE 0 [ 11 ]
{ CE 198 CE 809 } 
CE 404 } 
} 
} 
SE -1 [ 0 1 ]
{ SE 2 [ 3 5 6 9 11 15 19 20 21 22 24 25 26 27 34 ]
{ SE 2 [ 15 19 20 ]
{ CE 44 SE 2 [ 3 5 15 19 20 21 ]
{ SE 0 [ 4 8 10 14 16 30 32 33 37 ]
{ CE 152 CE 740 } 
SE 2 [ 3 5 15 19 20 21 22 24 25 26 27 34 ]
{ SE 2 [ 22 24 25 26 ]
{ CE 295 CE 749 } 
CE 466 } 
} 
} 
SE 2 [ 2 3 4 5 6 7 8 9 10 11 12 13 14 15 16 17 18 19 20 21 22 23 24 25 26 27 28 29 30 31 32 33 34 35 36 37 ]
{ CE 295 CE 377 } 
} 
SE 2 [ 3 5 6 9 11 15 19 20 21 22 24 25 26 27 34 ]
{ SE 2 [ 3 5 15 19 20 21 ]
{ SE 2 [ 3 5 ]
{ CE 56 CE 264 } 
SE 2 [ 3 5 15 19 20 21 22 24 25 26 27 34 ]
{ SE 2 [ 22 24 25 26 ]
{ CE 124 CE 733 } 
SE 0 [ 5 ]
{ CE 285 SE 2 [ 6 9 ]
{ CE 636 CE 664 } 
} 
} 
} 
SE 2 [ 2 3 4 5 6 7 8 9 10 11 12 13 14 15 16 17 18 19 20 21 22 23 24 25 26 27 28 29 30 31 32 33 34 35 36 37 ]
{ SE 2 [ 35 ]
{ CE 733 SE 2 [ 2 3 5 6 7 9 11 12 13 15 17 18 19 20 21 22 23 24 25 26 27 28 29 31 34 35 36 ]
{ CE 569 CE 810 } 
} 
SE 2 [ 1 ]
{ CE 239 CE 634 } 
} 
} 
} 
} 
SE -1 [ 0 1 ]
{ SE -1 [ 0 ]
{ SE 0 [ 3 5 15 19 20 21 22 24 25 26 27 34 ]
{ SE 0 [ 19 ]
{ CE 555 SE 0 [ 21 ]
{ CE 555 SE 0 [ 22 25 26 ]
{ CE 752 CE 774 } 
} 
} 
SE 0 [ 3 5 6 9 11 15 19 20 21 22 24 25 26 27 34 ]
{ SE 0 [ 6 9 ]
{ CE 476 CE 494 } 
SE 0 [ 12 13 17 18 29 35 ]
{ CE 476 CE 799 } 
} 
} 
SE 2 [ 2 3 5 6 7 9 11 12 13 15 17 18 19 20 21 22 23 24 25 26 27 28 29 31 34 35 36 ]
{ SE 2 [ 19 ]
{ CE 55 CE 417 } 
CE 391 } 
} 
SE 2 [ 3 5 6 9 11 15 19 20 21 22 24 25 26 27 34 ]
{ SE 2 [ 15 19 20 ]
{ CE 32 SE 2 [ 3 5 15 19 20 21 ]
{ SE 0 [ 6 ]
{ CE 162 CE 647 } 
SE 2 [ 3 5 15 19 20 21 22 24 25 26 27 34 ]
{ SE 2 [ 22 24 25 26 ]
{ CE 244 CE 836 } 
CE 358 } 
} 
} 
CE 70 } 
} 
SE -1 [ 0 1 ]
{ SE -1 [ 0 ]
{ SE 0 [ 2 3 5 6 7 9 11 12 13 15 17 18 19 20 21 22 23 24 25 26 27 28 29 31 34 35 36 ]
{ SE 0 [ 2 7 12 13 17 18 23 28 29 31 35 36 ]
{ SE 0 [ 2 7 23 28 31 36 ]
{ SE 2 [ 2 3 4 5 6 7 8 9 10 11 12 13 14 15 16 17 18 19 20 21 22 23 24 25 26 27 28 29 30 31 32 33 34 35 36 37 ]
{ SE 2 [ 12 13 17 18 29 35 ]
{ CE 302 SE 0 [ 2 31 ]
{ CE 465 CE 629 } 
} 
CE 302 } 
SE 2 [ 4 8 10 14 16 30 32 33 37 ]
{ CE 408 SE 2 [ 3 5 6 9 11 15 19 20 21 22 24 25 26 27 34 ]
{ CE 408 SE 0 [ 13 ]
{ CE 657 CE 615 } 
} 
} 
} 
SE 0 [ 3 5 15 19 20 21 22 24 25 26 27 34 ]
{ SE 0 [ 22 25 26 ]
{ CE 140 SE 0 [ 27 ]
{ CE 405 SE 2 [ 3 5 15 19 20 21 ]
{ CE 574 CE 657 } 
} 
} 
CE 405 } 
} 
SE 2 [ 21 ]
{ CE 139 SE 2 [ 2 3 4 5 6 7 8 9 10 11 12 13 14 15 16 17 18 19 20 21 22 23 24 25 26 27 28 29 30 31 32 33 34 35 36 37 ]
{ SE 2 [ 2 7 12 13 17 18 23 28 29 31 35 36 ]
{ CE 272 CE 753 } 
CE 403 } 
} 
} 
SE 2 [ 2 3 4 5 6 7 8 9 10 11 12 13 14 15 16 17 18 19 20 21 22 23 24 25 26 27 28 29 30 31 32 33 34 35 36 37 ]
{ SE 2 [ 2 7 12 13 17 18 23 28 29 31 35 36 ]
{ SE 2 [ 2 7 23 28 31 36 ]
{ SE 2 [ 2 31 ]
{ CE 59 CE 354 } 
SE 2 [ 13 ]
{ CE 737 SE 0 [ 29 ]
{ CE 661 CE 719 } 
} 
} 
SE 2 [ 3 5 15 19 20 21 ]
{ SE 0 [ 30 ]
{ CE 139 SE 0 [ 3 5 15 19 20 21 ]
{ CE 574 CE 660 } 
} 
SE 2 [ 16 30 33 37 ]
{ SE 0 [ 2 7 12 13 17 18 23 28 29 31 35 36 ]
{ CE 164 CE 578 } 
SE 2 [ 22 25 26 ]
{ CE 661 SE 2 [ 4 8 ]
{ CE 668 SE 2 [ 10 ]
{ CE 668 CE 737 } 
} 
} 
} 
} 
} 
SE 0 [ 8 ]
{ CE 71 CE 712 } 
} 
} 
SE 2 [ 2 3 4 5 6 7 8 9 10 11 12 13 14 15 16 17 18 19 20 21 22 23 24 25 26 27 28 29 30 31 32 33 34 35 36 37 ]
{ SE 2 [ 2 7 12 13 17 18 23 28 29 31 35 36 ]
{ SE 2 [ 2 7 23 28 31 36 ]
{ SE 2 [ 2 31 ]
{ CE 446 CE 298 } 
SE 2 [ 13 ]
{ CE 536 CE 492 } 
} 
SE 2 [ 2 3 5 6 7 9 11 12 13 15 17 18 19 20 21 22 23 24 25 26 27 28 29 31 34 35 36 ]
{ SE 2 [ 22 24 25 26 ]
{ SE 2 [ 22 25 26 ]
{ CE 117 CE 536 } 
SE 0 [ 30 ]
{ CE 190 SE 2 [ 3 5 15 19 20 21 ]
{ CE 254 CE 595 } 
} 
} 
SE 2 [ 30 ]
{ CE 122 SE 2 [ 4 8 ]
{ CE 419 SE 2 [ 37 ]
{ CE 371 SE 2 [ 10 ]
{ CE 419 CE 446 } 
} 
} 
} 
} 
} 
SE 0 [ 8 ]
{ CE 33 CE 202 } 
} 
} 
SE -1 [ 0 ]
{ SE 0 [ 3 5 6 9 11 15 19 20 21 22 24 25 26 27 34 ]
{ SE 0 [ 3 5 15 19 20 21 ]
{ SE 2 [ 3 5 15 19 20 21 ]
{ CE 34 SE 0 [ 3 5 ]
{ SE 2 [ 6 9 11 ]
{ CE 305 CE 773 } 
SE 2 [ 11 ]
{ CE 315 CE 663 } 
} 
} 
SE 2 [ 6 9 11 ]
{ SE 0 [ 11 ]
{ CE 175 CE 581 } 
SE 2 [ 27 34 ]
{ CE 186 SE 2 [ 15 19 20 ]
{ CE 426 CE 601 } 
} 
} 
} 
SE 0 [ 2 3 4 5 6 7 8 9 10 11 12 13 14 15 16 17 18 19 20 21 22 23 24 25 26 27 28 29 30 31 32 33 34 35 36 37 ]
{ SE 2 [ 3 5 15 19 20 21 ]
{ CE 72 SE 0 [ 2 3 5 6 7 9 11 12 13 15 17 18 19 20 21 22 23 24 25 26 27 28 29 31 34 35 36 ]
{ SE 0 [ 2 7 23 28 31 36 ]
{ CE 365 CE 757 } 
CE 548 } 
} 
SE 2 [ 3 5 15 19 20 21 ]
{ CE 127 CE 573 } 
} 
} 
SE 2 [ 6 9 11 ]
{ SE -1 [ 0 1 ]
{ SE 0 [ 3 5 6 9 11 15 19 20 21 22 24 25 26 27 34 ]
{ SE 2 [ 6 9 ]
{ SE 2 [ 6 ]
{ CE 60 CE 828 } 
SE 0 [ 3 5 15 19 20 21 ]
{ CE 228 CE 583 } 
} 
SE 2 [ 6 9 ]
{ SE 0 [ 2 3 4 5 6 7 8 9 10 11 12 13 14 15 16 17 18 19 20 21 22 23 24 25 26 27 28 29 30 31 32 33 34 35 36 37 ]
{ CE 155 CE 507 } 
CE 386 } 
} 
SE 2 [ 6 9 ]
{ SE 0 [ 3 5 6 9 11 15 19 20 21 22 24 25 26 27 34 ]
{ SE 2 [ 6 ]
{ CE 79 CE 665 } 
SE 2 [ 6 ]
{ CE 430 CE 665 } 
} 
SE 0 [ 3 5 6 9 11 15 19 20 21 22 24 25 26 27 34 ]
{ CE 121 CE 470 } 
} 
} 
SE 2 [ 27 34 ]
{ SE -1 [ 0 1 ]
{ SE 0 [ 3 5 6 9 11 15 19 20 21 22 24 25 26 27 34 ]
{ CE 828 CE 507 } 
CE 665 } 
SE 2 [ 15 19 20 ]
{ SE 0 [ 3 5 6 9 11 15 19 20 21 22 24 25 26 27 34 ]
{ SE -1 [ 0 1 ]
{ CE 468 CE 704 } 
CE 458 } 
SE 2 [ 3 5 15 19 20 21 ]
{ SE 2 [ 3 5 ]
{ SE 0 [ 3 5 6 9 11 15 19 20 21 22 24 25 26 27 34 ]
{ CE 178 CE 576 } 
CE 468 } 
SE 2 [ 4 8 10 14 16 30 32 33 37 ]
{ CE 304 SE 2 [ 3 5 6 9 11 15 19 20 21 22 24 25 26 27 34 ]
{ CE 570 SE 2 [ 2 3 4 5 6 7 8 9 10 11 12 13 14 15 16 17 18 19 20 21 22 23 24 25 26 27 28 29 30 31 32 33 34 35 36 37 ]
{ CE 618 CE 764 } 
} 
} 
} 
} 
} 
} 
} 
SE -1 [ 0 ]
{ SE 0 [ 11 ]
{ SE 2 [ 27 34 ]
{ CE 35 CE 670 } 
SE 0 [ 3 ]
{ CE 382 CE 627 } 
} 
SE 2 [ 2 3 4 5 6 7 8 9 10 11 12 13 14 15 16 17 18 19 20 21 22 23 24 25 26 27 28 29 30 31 32 33 34 35 36 37 ]
{ SE 2 [ 27 34 ]
{ SE -1 [ 0 1 ]
{ CE 183 CE 481 } 
SE -1 [ 0 1 ]
{ CE 359 SE 2 [ 3 5 6 9 11 15 19 20 21 22 24 25 26 27 34 ]
{ SE 2 [ 3 5 15 19 20 21 22 24 25 26 27 34 ]
{ CE 501 CE 700 } 
SE 2 [ 2 3 5 6 7 9 11 12 13 15 17 18 19 20 21 22 23 24 25 26 27 28 29 31 34 35 36 ]
{ CE 554 CE 854 } 
} 
} 
} 
CE 270 } 
} 
SE -1 [ 0 ]
{ SE 0 [ 2 3 5 6 7 9 11 12 13 15 17 18 19 20 21 22 23 24 25 26 27 28 29 31 34 35 36 ]
{ SE 0 [ 6 9 11 ]
{ SE 0 [ 6 9 ]
{ CE 36 CE 457 } 
SE 0 [ 3 5 15 19 20 21 ]
{ SE 0 [ 3 5 ]
{ CE 210 CE 584 } 
SE 0 [ 27 34 ]
{ CE 420 CE 747 } 
} 
} 
SE 0 [ 2 3 4 5 6 7 8 9 10 11 12 13 14 15 16 17 18 19 20 21 22 23 24 25 26 27 28 29 30 31 32 33 34 35 36 37 ]
{ CE 747 CE 762 } 
} 
SE -1 [ 0 1 ]
{ SE 2 [ 6 9 11 ]
{ SE 2 [ 6 ]
{ CE 49 CE 510 } 
SE 2 [ 3 5 15 19 20 21 ]
{ SE 2 [ 3 5 ]
{ CE 111 CE 763 } 
SE 2 [ 22 25 26 ]
{ CE 483 CE 746 } 
} 
} 
SE 2 [ 6 9 11 ]
{ SE 2 [ 6 ]
{ CE 65 CE 310 } 
SE 2 [ 3 5 15 19 20 21 ]
{ SE 2 [ 3 5 ]
{ CE 85 CE 524 } 
SE 2 [ 22 24 25 26 ]
{ CE 294 SE 2 [ 3 5 6 9 11 15 19 20 21 22 24 25 26 27 34 ]
{ CE 597 SE 2 [ 18 29 ]
{ CE 597 SE 2 [ 35 ]
{ CE 597 CE 688 } 
} 
} 
} 
} 
} 
} 
} 
) 
EndContextDependency 